time,xm,ym,vxm,vym,xM,yM,vxM,vyM,NormalForce,TangentialStress,MaximunBending,MinimumBending
0.000000, -0.0524, 0.2971, -2.3349, 2.5672, 0.0672, 0.5946, -2.9501 3.0488 0.0000 -76.0275 -51.9099 1.3094
0.013000, -0.0964, 0.3260, -4.7023, 1.8284, 0.0297, 0.6336, -2.8028 2.9593 112.1646 -76.0275 -36.1563 17.0629
0.026000, -0.1463, 0.3523, -2.3782, 2.3605, -0.0074, 0.6710, -2.9474 2.7907 139.6004 -76.0275 -32.1551 21.0642
0.039000, -0.1715, 0.3839, -1.8060, 2.4205, -0.0461, 0.7064, -2.9830 2.6515 5.7072 -76.0275 -51.9948 1.2245
0.052000, -0.1952, 0.4146, -1.8596, 2.2882, -0.0849, 0.7400, -2.9797 2.5243 1.3885 -76.0275 -52.1285 1.0907
0.065000, -0.2187, 0.4439, -1.7577, 2.2177, -0.1237, 0.7720, -2.9860 2.3932 1.1217 -76.0275 -52.1425 1.0768
0.078000, -0.2421, 0.4718, -1.8654, 2.0615, -0.1624, 0.8023, -2.9793 2.2674 9.5240 -76.0275 -50.9632 2.2561
0.091000, -0.2680, 0.4971, -2.1199, 1.8342, -0.2011, 0.8310, -2.9635 2.1461 13.6123 -76.0275 -50.3082 2.9111
0.104000, -0.2977, 0.5192, -2.4584, 1.5657, -0.2395, 0.8581, -2.9424 2.0274 14.0444 -76.0275 -50.2213 2.9980
0.117000, -0.3295, 0.5388, -2.3909, 1.4671, -0.2777, 0.8836, -2.9466 1.8980 4.6945 -76.0275 -51.9946 1.2247
0.130000, -0.3686, 0.5541, -3.8029, 0.8173, -0.3155, 0.9076, -2.8588 1.8030 73.9256 -76.0275 -41.3421 11.8771
0.143000, -0.4181, 0.5640, -3.5680, 0.7970, -0.3527, 0.9302, -2.8734 1.6688 28.6639 -76.0275 -48.9959 4.2233
0.156000, -0.4641, 0.5738, -3.6404, 0.6723, -0.3901, 0.9511, -2.8689 1.5411 24.8246 -76.0275 -49.0898 4.1294
0.169000, -0.5148, 0.5812, -4.1692, 0.4795, -0.4272, 0.9703, -2.8360 1.4176 31.1301 -76.0275 -48.4343 4.7850
0.182000, -0.5712, 0.5868, -4.4406, 0.4014, -0.4639, 0.9879, -2.8191 1.2870 0.2992 -76.0275 -52.8044 0.4149
0.195000, -0.6267, 0.5920, -4.0690, 0.3844, -0.5007, 1.0038, -2.8422 1.1526 13.4667 -76.0275 -51.1874 2.0319
0.208000, -0.6810, 0.5966, -4.3456, 0.3233, -0.5375, 1.0179, -2.8250 1.0209 12.4214 -76.0275 -51.3216 1.8977
0.221000, -0.7351, 0.6004, -3.8962, 0.2542, -0.5744, 1.0303, -2.8530 0.8898 22.3564 -76.0275 -49.8257 3.3935
0.234000, -0.7864, 0.6032, -4.0656, 0.1966, -0.6115, 1.0410, -2.8424 0.7579 10.6326 -76.0275 -51.5648 1.6544
0.247000, -0.8392, 0.6054, -4.0315, 0.1265, -0.6484, 1.0500, -2.8446 0.6268 3.7752 -76.0275 -52.2779 0.9414
0.260000, -0.8930, 0.6069, -4.2991, 0.1222, -0.6853, 1.0573, -2.8279 0.4916 22.0462 -76.0275 -49.9587 3.2606
0.273000, -0.9507, 0.6088, -4.5506, 0.1727, -0.7219, 1.0628, -2.8123 0.3530 5.7693 -76.0275 -52.3547 0.8646
0.286000, -1.0096, 0.6109, -4.4598, 0.1304, -0.7585, 1.0665, -2.8179 0.2201 13.4760 -76.0275 -51.0138 2.2055
0.299000, -1.0655, 0.6115, -4.1667, -0.0225, -0.7953, 1.0686, -2.8361 0.0942 2.4312 -76.0275 -52.6701 0.5491
0.312000, -1.1233, 0.6132, -4.7882, 0.3222, -0.8319, 1.0688, -2.7975 -0.0627 24.0221 -76.0275 -48.9029 4.3163
0.325000, -1.1843, 0.6168, -4.4857, 0.1708, -0.8684, 1.0671, -2.8163 -0.1888 18.7134 -76.0275 -50.0948 3.1245
0.338000, -1.2377, 0.6156, -3.6979, -0.4009, -0.9053, 1.0640, -2.8653 -0.2887 35.0972 -76.0275 -46.5413 6.6780
0.351000, -1.2847, 0.6093, -3.6129, -0.5179, -0.9426, 1.0594, -2.8706 -0.4168 1.0168 -76.0275 -52.5211 0.6982
0.364000, -1.3333, 0.6038, -3.9168, -0.2707, -0.9798, 1.0531, -2.8517 -0.5677 18.7612 -76.0275 -49.2915 3.9278
0.377000, -1.3853, 0.6016, -4.0247, -0.1107, -1.0168, 1.0447, -2.8450 -0.7131 3.0688 -76.0275 -52.7568 0.4625
0.390000, -1.4367, 0.5995, -3.8735, -0.2341, -1.0539, 1.0346, -2.8544 -0.8409 9.4902 -76.0275 -51.4126 1.8067
0.403000, -1.4864, 0.5959, -3.7929, -0.2598, -1.0910, 1.0228, -2.8594 -0.9748 1.9944 -76.0275 -51.1206 2.0986
0.416000, -1.5374, 0.5977, -4.0638, 0.5938, -1.1281, 1.0090, -2.8425 -1.1633 2.1943 -76.0275 -47.4967 5.7226
0.429000, -1.5892, 0.6065, -3.8442, 0.6572, -1.1651, 0.9929, -2.8562 -1.3028 19.1792 -76.0275 -50.3241 2.8951
0.442000, -1.6362, 0.6095, -3.3859, -0.2968, -1.2024, 0.9754, -2.8847 -1.3789 22.3568 -76.0275 -45.5379 7.6814
0.455000, -1.6784, 0.6009, -3.1261, -0.9997, -1.2400, 0.9569, -2.9009 -1.4706 12.2620 -76.0275 -47.9885 5.2308
0.468000, -1.7183, 0.5868, -3.0243, -1.0862, -1.2778, 0.9370, -2.9072 -1.6007 6.7458 -76.0275 -52.2022 1.0171
0.481000, -1.7569, 0.5721, -2.9171, -1.2088, -1.3156, 0.9153, -2.9139 -1.7285 7.3618 -76.0275 -51.0018 2.2174
0.494000, -1.7942, 0.5549, -2.8224, -1.4649, -1.3536, 0.8921, -2.9198 -1.8480 5.1543 -76.0275 -49.3780 3.8412
0.507000, -1.8305, 0.5329, -2.7753, -1.9460, -1.3915, 0.8673, -2.9227 -1.9536 1.2993 -76.0275 -47.3464 5.8729
0.520000, -1.8666, 0.5018, -2.7902, -2.8529, -1.4295, 0.8414, -2.9218 -2.0326 1.0798 -76.0275 -46.4086 6.8106
0.533000, -1.9030, 0.4606, -2.8057, -3.4547, -1.4675, 0.8144, -2.9208 -2.1306 0.6569 -76.0275 -48.7514 4.4678
0.546000, -1.9395, 0.4092, -2.8040, -4.4919, -1.5055, 0.7862, -2.9209 -2.2015 1.2681 -76.0275 -46.0320 7.1873
0.559000, -1.9757, 0.3456, -2.7479, -5.2632, -1.5435, 0.7570, -2.9244 -2.2890 4.6332 -76.0275 -47.9645 5.2548
0.572000, -2.0112, 0.2768, -2.7234, -5.2271, -1.5815, 0.7264, -2.9259 -2.4267 1.0888 -76.0275 -52.5205 0.6988
0.585000, -2.0463, 0.2080, -2.6793, -5.4109, -1.6195, 0.6940, -2.9287 -2.5508 4.2846 -76.0275 -50.4838 2.7354
0.598000, -2.0806, 0.1352, -2.5587, -5.8590, -1.6577, 0.6601, -2.9362 -2.6583 15.2706 -76.0275 -46.1543 7.0649
0.611000, -2.1118, 0.0539, -2.2645, -6.5510, -1.6960, 0.6250, -2.9545 -2.7507 7.6688 -76.0275 -51.6282 1.5910
0.624000, -2.1422, -0.0274, -2.4472, -5.8913, -1.7343, 0.5881, -2.9431 -2.9273 6.3844 -76.0275 -49.8349 3.3844
0.637000, -2.1731, -0.1059, -2.2636, -6.2778, -1.7726, 0.5493, -2.9546 -3.0387 8.8679 -76.0275 -50.3583 2.8610
0.650000, -2.2044, -0.1831, -2.6258, -5.4819, -1.8109, 0.5087, -2.9320 -3.2237 17.9406 -76.0275 -47.4380 5.7813
