time,xm,ym,vxm,vym,xM,yM,vxM,vyM,NormalForce,TangentialStress,MaximunBending,MinimumBending
0.000000, 0.0671, 0.3034, -1.3130, 2.3270, 0.2127, 0.5685, -1.6474 2.5991 0.0000 -76.0275 -51.9099 1.3094
0.013000, 0.0554, 0.3335, -0.3867, 2.3212, 0.1909, 0.6014, -1.7050 2.4639 42.9857 -76.0275 -46.8927 6.3265
0.026000, 0.0513, 0.3631, -0.3495, 2.2138, 0.1687, 0.6326, -1.7074 2.3352 3.7341 -76.0275 -51.8672 1.3520
0.039000, 0.0460, 0.3910, -0.4756, 2.0770, 0.1466, 0.6622, -1.6995 2.2082 9.0161 -76.0275 -51.2561 1.9632
0.052000, 0.0390, 0.4170, -0.6141, 1.9304, 0.1245, 0.6900, -1.6909 2.0819 13.5395 -76.0275 -50.6304 2.5889
0.065000, 0.0295, 0.4410, -0.8512, 1.7585, 0.1026, 0.7163, -1.6761 1.9571 12.9048 -76.0275 -50.6912 2.5280
0.078000, 0.0172, 0.4628, -1.0376, 1.5956, 0.0809, 0.7409, -1.6645 1.8318 8.5558 -76.0275 -51.2280 1.9913
0.091000, 0.0026, 0.4825, -1.1988, 1.4395, 0.0593, 0.7639, -1.6545 1.7060 7.6102 -76.0275 -51.3523 1.8670
0.104000, -0.0194, 0.4996, -2.2836, 1.1748, 0.0382, 0.7853, -1.5870 1.5870 49.9385 -76.0275 -45.6310 7.5883
0.117000, -0.0557, 0.5138, -3.3097, 1.0398, 0.0180, 0.8051, -1.5232 1.4600 49.5431 -76.0275 -45.9181 7.3012
0.130000, -0.1014, 0.5273, -3.6282, 1.0395, -0.0016, 0.8232, -1.5033 1.3245 9.8600 -76.0275 -51.7580 1.4613
0.143000, -0.1486, 0.5408, -3.5447, 1.0353, -0.0212, 0.8396, -1.5085 1.1893 24.1540 -76.0275 -49.6066 3.6127
0.156000, -0.1913, 0.5535, -2.9665, 0.9004, -0.0410, 0.8542, -1.5445 1.0622 46.3637 -76.0275 -46.1494 7.0699
0.169000, -0.2232, 0.5637, -1.9449, 0.6497, -0.0615, 0.8672, -1.6081 0.9424 45.4680 -76.0275 -46.1980 7.0213
0.182000, -0.2454, 0.5709, -1.5606, 0.4748, -0.0826, 0.8787, -1.6320 0.8178 11.7207 -76.0275 -50.9242 2.2951
0.195000, -0.2686, 0.5766, -2.0893, 0.4195, -0.1036, 0.8885, -1.5991 0.6858 25.8852 -76.0275 -49.3405 3.8788
0.208000, -0.3003, 0.5821, -2.8154, 0.4265, -0.1241, 0.8965, -1.5539 0.5499 34.7472 -76.0275 -48.1103 5.1090
0.221000, -0.3387, 0.5873, -3.0144, 0.3725, -0.1442, 0.9028, -1.5415 0.4178 5.6744 -76.0275 -52.1052 1.1140
0.234000, -0.3776, 0.5915, -2.9230, 0.2549, -0.1643, 0.9074, -1.5472 0.2896 17.3482 -76.0275 -50.1304 3.0889
0.247000, -0.4133, 0.5935, -2.5867, 0.0512, -0.1845, 0.9103, -1.5681 0.1668 11.4221 -76.0275 -50.8605 2.3587
0.260000, -0.4471, 0.5934, -2.6492, -0.0443, -0.2049, 0.9117, -1.5643 0.0373 6.0980 -76.0275 -51.9648 1.2545
0.273000, -0.4827, 0.5925, -2.8199, -0.0959, -0.2252, 0.9113, -1.5536 -0.0950 5.5073 -76.0275 -52.0678 1.1514
0.286000, -0.5166, 0.5896, -2.3377, -0.3821, -0.2455, 0.9093, -1.5836 -0.2126 23.0614 -76.0275 -49.0348 4.1844
0.299000, -0.5479, 0.5842, -2.5617, -0.4150, -0.2661, 0.9057, -1.5697 -0.3460 14.0876 -76.0275 -51.1140 2.1052
0.312000, -0.5845, 0.5795, -3.1105, -0.2802, -0.2863, 0.9002, -1.5355 -0.4899 32.9100 -76.0275 -48.1803 5.0389
0.325000, -0.6265, 0.5762, -3.2547, -0.2795, -0.3061, 0.8930, -1.5266 -0.6254 9.9199 -76.0275 -51.0816 2.1376
0.338000, -0.6667, 0.5708, -2.8740, -0.5755, -0.3261, 0.8841, -1.5503 -0.7424 33.7182 -76.0275 -46.9884 6.2309
0.351000, -0.6997, 0.5603, -2.2210, -1.0366, -0.3465, 0.8737, -1.5909 -0.8492 24.4183 -76.0275 -48.4410 4.7783
0.364000, -0.7287, 0.5461, -2.3220, -1.1110, -0.3672, 0.8619, -1.5846 -0.9801 8.6044 -76.0275 -51.8020 1.4172
0.377000, -0.7608, 0.5318, -2.6260, -1.0710, -0.3877, 0.8482, -1.5657 -1.1180 13.0592 -76.0275 -51.2892 1.9300
0.390000, -0.7962, 0.5178, -2.7986, -1.0918, -0.4080, 0.8328, -1.5550 -1.2522 6.8633 -76.0275 -52.0406 1.1787
0.403000, -0.8341, 0.5038, -3.0505, -1.0472, -0.4281, 0.8156, -1.5393 -1.3904 14.3199 -76.0275 -51.0942 2.1251
0.416000, -0.8745, 0.4901, -3.1382, -1.0861, -0.4480, 0.7967, -1.5338 -1.5235 0.2373 -76.0275 -52.2572 0.9620
0.429000, -0.9150, 0.4751, -3.0392, -1.2563, -0.4680, 0.7761, -1.5400 -1.6483 21.9134 -76.0275 -48.4901 4.7291
0.442000, -0.9508, 0.4554, -2.4577, -1.7845, -0.4882, 0.7540, -1.5762 -1.7509 22.9130 -76.0275 -48.2614 4.9579
0.455000, -0.9826, 0.4313, -2.5228, -1.8662, -0.5087, 0.7304, -1.5721 -1.8813 10.2239 -76.0275 -51.6972 1.5221
0.468000, -1.0205, 0.4101, -3.3792, -1.3286, -0.5289, 0.7048, -1.5188 -2.0502 37.5521 -76.0275 -46.7622 6.4571
0.481000, -1.0648, 0.3925, -3.3276, -1.4650, -0.5486, 0.6773, -1.5220 -2.1772 7.2810 -76.0275 -51.0861 2.1331
0.494000, -1.1059, 0.3709, -2.9478, -1.8963, -0.5685, 0.6483, -1.5457 -2.2858 21.8571 -76.0275 -48.1197 5.0996
0.507000, -1.1423, 0.3439, -2.6790, -2.2506, -0.5887, 0.6179, -1.5624 -2.3993 15.0182 -76.0275 -49.3421 3.8771
0.520000, -1.1760, 0.3128, -2.5321, -2.5029, -0.6091, 0.5859, -1.5715 -2.5190 2.0185 -76.0275 -51.6291 1.5902
0.533000, -1.2094, 0.2798, -2.6257, -2.5493, -0.6295, 0.5523, -1.5657 -2.6516 8.8510 -76.0275 -51.9085 1.3108
0.546000, -1.2451, 0.2473, -2.8810, -2.4425, -0.6498, 0.5169, -1.5498 -2.7937 10.0412 -76.0275 -51.7388 1.4805
0.559000, -1.2823, 0.2146, -2.8062, -2.6326, -0.6699, 0.4798, -1.5545 -2.9174 4.6646 -76.0275 -51.2124 2.0068
0.572000, -1.3179, 0.1787, -2.6605, -2.8935, -0.6902, 0.4411, -1.5636 -3.0366 6.4075 -76.0275 -50.8486 2.3707
0.585000, -1.3526, 0.1404, -2.7046, -2.9757, -0.7105, 0.4008, -1.5608 -3.1669 3.4431 -76.0275 -52.2869 0.9323
