time,xm,ym,vxm,vym,xM,yM,vxM,vyM,NormalForce,TangentialStress,MaximunBending,MinimumBending
0.000000, -0.1032, 0.2848, -2.4350, 2.4309, -0.1027, 0.6368, -2.8717 2.7737 0.0000 -76.0275 -51.9099 1.3094
0.013000, -0.1487, 0.3082, -4.8392, 1.0544, -0.1391, 0.6725, -2.7221 2.7239 116.3157 -76.0275 -34.0714 19.1478
0.026000, -0.2057, 0.3245, -3.4617, 1.6709, -0.1749, 0.7068, -2.8078 2.5500 82.3080 -76.0275 -40.1654 13.0539
0.039000, -0.2455, 0.3480, -2.7914, 1.8812, -0.2117, 0.7390, -2.8495 2.4015 24.5354 -76.0275 -49.5794 3.6398
0.052000, -0.2792, 0.3729, -2.4139, 1.9445, -0.2489, 0.7693, -2.8730 2.2621 17.9946 -76.0275 -50.5733 2.6459
0.065000, -0.3177, 0.3941, -3.7937, 1.1951, -0.2858, 0.7981, -2.7871 2.1732 99.8861 -76.0275 -37.0534 16.1659
0.078000, -0.3682, 0.4087, -3.5876, 1.1998, -0.3220, 0.8255, -2.8000 2.0375 61.3327 -76.0275 -43.8660 9.3532
0.091000, -0.4091, 0.4258, -2.8405, 1.3848, -0.3587, 0.8510, -2.8464 1.8905 6.7663 -76.0275 -51.8934 1.3259
0.104000, -0.4489, 0.4420, -3.3411, 1.0841, -0.3956, 0.8748, -2.8153 1.7738 23.5513 -76.0275 -49.0167 4.2026
0.117000, -0.4929, 0.4552, -3.4127, 0.9516, -0.4321, 0.8971, -2.8108 1.6465 12.1032 -76.0275 -50.8448 2.3744
0.130000, -0.5393, 0.4664, -3.7209, 0.7750, -0.4686, 0.9177, -2.7917 1.5221 9.3393 -76.0275 -51.3482 1.8710
0.143000, -0.5873, 0.4759, -3.6715, 0.7004, -0.5049, 0.9366, -2.7947 1.3912 16.3817 -76.0275 -50.5302 2.6891
0.156000, -0.6404, 0.4840, -4.5147, 0.5412, -0.5409, 0.9539, -2.7423 1.2657 23.0043 -76.0275 -49.7497 3.4696
0.169000, -0.6949, 0.4911, -3.7132, 0.5606, -0.5768, 0.9695, -2.7921 1.1290 45.8121 -76.0275 -46.4803 6.7390
0.182000, -0.7391, 0.4981, -3.1557, 0.5048, -0.6133, 0.9833, -2.8268 0.9970 13.5047 -76.0275 -51.0101 2.2092
0.195000, -0.7847, 0.5039, -3.9883, 0.3915, -0.6498, 0.9954, -2.7750 0.8686 38.8405 -76.0275 -47.4499 5.7694
0.208000, -0.8360, 0.5084, -3.7798, 0.3084, -0.6859, 1.0058, -2.7880 0.7383 15.3375 -76.0275 -50.7840 2.4353
0.221000, -0.8807, 0.5116, -3.0554, 0.1771, -0.7224, 1.0146, -2.8331 0.6110 32.0292 -76.0275 -48.3137 4.9055
0.234000, -0.9219, 0.5133, -3.3978, 0.0952, -0.7592, 1.0217, -2.8118 0.4806 19.7888 -76.0275 -50.1991 3.0202
0.247000, -0.9673, 0.5141, -3.5603, 0.0149, -0.7956, 1.0271, -2.8017 0.3502 5.6692 -76.0275 -52.0192 1.2001
0.260000, -1.0101, 0.5131, -2.9172, -0.1810, -0.8323, 1.0309, -2.8417 0.2269 36.2833 -76.0275 -47.5406 5.6786
0.273000, -1.0546, 0.5113, -4.2222, -0.0186, -0.8688, 1.0329, -2.7605 0.0813 85.6708 -76.0275 -40.3664 12.8529
0.286000, -1.1154, 0.5128, -4.9926, 0.2320, -0.9043, 1.0330, -2.7125 -0.0697 25.5354 -76.0275 -48.9788 4.2405
0.299000, -1.1768, 0.5147, -4.2238, -0.0475, -0.9398, 1.0312, -2.7604 -0.1878 71.4775 -76.0275 -41.7439 11.4754
0.312000, -1.2258, 0.5112, -3.4401, -0.4458, -0.9761, 1.0281, -2.8091 -0.2985 15.5679 -76.0275 -50.2207 2.9985
0.325000, -1.2719, 0.5054, -3.7339, -0.3969, -1.0125, 1.0233, -2.7909 -0.4370 19.5315 -76.0275 -50.2787 2.9405
0.338000, -1.3216, 0.5005, -3.8756, -0.3859, -1.0487, 1.0168, -2.7820 -0.5731 2.0967 -76.0275 -52.6909 0.5283
0.351000, -1.3717, 0.4949, -3.8225, -0.4753, -1.0849, 1.0085, -2.7853 -0.7031 2.5961 -76.0275 -52.3263 0.8930
0.364000, -1.4214, 0.4884, -3.8201, -0.5298, -1.1211, 0.9985, -2.7855 -0.8351 3.5820 -76.0275 -52.1440 1.0752
0.377000, -1.4701, 0.4804, -3.6695, -0.7013, -1.1574, 0.9868, -2.7949 -0.9599 4.1205 -76.0275 -52.0043 1.2150
0.390000, -1.5187, 0.4718, -3.8254, -0.6143, -1.1936, 0.9734, -2.7852 -1.1008 0.2113 -76.0275 -52.7528 0.4664
0.403000, -1.5652, 0.4604, -3.2686, -1.1873, -1.2301, 0.9584, -2.8198 -1.2006 20.6034 -76.0275 -48.4748 4.7445
0.416000, -1.6111, 0.4482, -3.9040, -0.5747, -1.2665, 0.9417, -2.7803 -1.3742 23.9828 -76.0275 -48.2215 4.9977
0.429000, -1.6545, 0.4326, -2.5540, -2.0617, -1.3031, 0.9235, -2.8643 -1.4171 64.6783 -76.0275 -38.6481 14.5711
0.442000, -1.6905, 0.4084, -3.2426, -1.4013, -1.3402, 0.9040, -2.8214 -1.5937 37.6403 -76.0275 -45.5043 7.7149
0.455000, -1.7313, 0.3878, -2.8802, -1.9235, -1.3769, 0.8826, -2.8440 -1.6967 21.8761 -76.0275 -47.3567 5.8625
0.468000, -1.7688, 0.3623, -2.9638, -1.9298, -1.4139, 0.8597, -2.8388 -1.8317 6.7267 -76.0275 -52.2209 0.9984
0.481000, -1.8092, 0.3391, -3.2769, -1.5992, -1.4507, 0.8349, -2.8193 -1.9878 15.1150 -76.0275 -49.9070 3.3123
0.494000, -1.8512, 0.3169, -3.1024, -1.9212, -1.4874, 0.8082, -2.8302 -2.1032 14.4927 -76.0275 -48.6947 4.5246
0.507000, -1.8897, 0.2886, -2.8209, -2.4433, -1.5243, 0.7802, -2.8477 -2.2062 15.2346 -76.0275 -48.1611 5.0582
0.520000, -1.9261, 0.2556, -2.8391, -2.5306, -1.5613, 0.7507, -2.8465 -2.3362 8.8526 -76.0275 -51.6038 1.6155
0.533000, -1.9641, 0.2239, -2.9916, -2.3715, -1.5982, 0.7194, -2.8370 -2.4816 4.2088 -76.0275 -52.5810 0.6383
0.546000, -2.0028, 0.1922, -2.9464, -2.5412, -1.6351, 0.6863, -2.8399 -2.6065 6.2931 -76.0275 -50.3905 2.8287
0.559000, -2.0404, 0.1572, -2.8644, -2.7904, -1.6721, 0.6517, -2.8450 -2.7264 5.3597 -76.0275 -52.1227 1.0965
0.572000, -2.0791, 0.1239, -3.0691, -2.3911, -1.7090, 0.6152, -2.8322 -2.8868 4.5612 -76.0275 -50.8631 2.3562
0.585000, -2.1157, 0.0852, -2.5067, -3.6510, -1.7460, 0.5772, -2.8672 -2.9438 23.4170 -76.0275 -44.2651 8.9541
0.598000, -2.1482, 0.0368, -2.5457, -3.6966, -1.7833, 0.5381, -2.8648 -3.0765 4.3184 -76.0275 -50.6551 2.5642
0.611000, -2.1772, -0.0190, -1.8537, -4.9853, -1.8208, 0.4978, -2.9079 -3.1317 29.7035 -76.0275 -44.1775 9.0418
0.624000, -2.2028, -0.0819, -2.1874, -4.5134, -1.8585, 0.4560, -2.8871 -3.2966 15.9078 -76.0275 -49.5403 3.6790
0.637000, -2.2286, -0.1448, -1.6744, -5.3181, -1.8962, 0.4126, -2.9190 -3.3819 31.1105 -76.0275 -45.1767 8.0425
