time,xm,ym,vxm,vym,xM,yM,vxM,vyM,NormalForce,TangentialStress,MaximunBending,MinimumBending
0.000000, 0.0835, 0.3104, -1.4521, 2.6912, 0.2750, 0.5627, -1.9326 3.3282 0.0000 -76.0275 -51.9099 1.3094
0.013000, 0.0581, 0.3435, -2.5821, 2.3979, 0.2503, 0.6052, -1.8623 3.2110 52.8636 -76.0275 -45.1434 8.0758
0.026000, 0.0224, 0.3738, -2.8064, 2.2703, 0.2262, 0.6461, -1.8484 3.0834 5.5988 -76.0275 -51.8776 1.3416
0.039000, -0.0146, 0.4026, -2.8835, 2.1718, 0.2022, 0.6854, -1.8436 2.9541 4.3965 -76.0275 -52.0595 1.1597
0.052000, -0.0525, 0.4303, -2.9334, 2.0819, 0.1782, 0.7229, -1.8405 2.8242 3.1428 -76.0275 -52.2151 1.0041
0.065000, -0.0909, 0.4568, -2.9734, 1.9976, 0.1543, 0.7588, -1.8380 2.6940 1.8549 -76.0275 -52.3273 0.8919
0.078000, -0.1297, 0.4822, -2.9939, 1.9162, 0.1304, 0.7930, -1.8367 2.5636 0.5547 -76.0275 -52.3770 0.8423
0.091000, -0.1686, 0.5066, -2.9845, 1.8327, 0.1066, 0.8255, -1.8373 2.4333 0.7369 -76.0275 -52.3529 0.8663
0.104000, -0.2070, 0.5298, -2.9309, 1.7405, 0.0827, 0.8563, -1.8406 2.3036 2.6393 -76.0275 -52.2062 1.0131
0.117000, -0.2446, 0.5518, -2.8505, 1.6375, 0.0587, 0.8854, -1.8456 2.1745 4.2221 -76.0275 -52.0036 1.2157
0.130000, -0.2812, 0.5724, -2.7629, 1.5249, 0.0347, 0.9128, -1.8511 2.0461 5.5300 -76.0275 -51.7895 1.4298
0.143000, -0.3166, 0.5914, -2.6857, 1.4067, 0.0106, 0.9386, -1.8559 1.9180 5.8853 -76.0275 -51.6740 1.5452
0.156000, -0.3509, 0.6089, -2.5971, 1.2764, -0.0136, 0.9627, -1.8614 1.7906 5.1395 -76.0275 -51.6959 1.5233
0.169000, -0.3841, 0.6246, -2.5183, 1.1425, -0.0378, 0.9851, -1.8663 1.6635 3.7218 -76.0275 -51.8037 1.4156
0.182000, -0.4165, 0.6386, -2.4639, 1.0128, -0.0621, 1.0059, -1.8697 1.5361 2.3472 -76.0275 -51.9100 1.3092
0.195000, -0.4483, 0.6510, -2.4277, 0.8875, -0.0864, 1.0251, -1.8719 1.4084 1.5992 -76.0275 -51.9591 1.2601
0.208000, -0.4797, 0.6617, -2.4037, 0.7657, -0.1108, 1.0425, -1.8734 1.2805 1.2146 -76.0275 -51.9803 1.2390
0.221000, -0.5108, 0.6709, -2.3874, 0.6463, -0.1351, 1.0584, -1.8744 1.1525 0.9596 -76.0275 -51.9940 1.2253
0.234000, -0.5418, 0.6785, -2.3752, 0.5281, -0.1595, 1.0725, -1.8752 1.0244 0.8031 -76.0275 -52.0019 1.2174
0.247000, -0.5726, 0.6846, -2.3644, 0.4103, -0.1839, 1.0850, -1.8759 0.8963 0.6771 -76.0275 -52.0094 1.2098
0.260000, -0.6032, 0.6892, -2.3550, 0.2929, -0.2083, 1.0958, -1.8765 0.7681 0.5777 -76.0275 -52.0166 1.2027
0.273000, -0.6338, 0.6922, -2.3473, 0.1764, -0.2327, 1.1050, -1.8769 0.6399 0.5186 -76.0275 -52.0214 1.1978
0.286000, -0.6643, 0.6937, -2.3370, 0.0580, -0.2571, 1.1124, -1.8776 0.5118 0.6465 -76.0275 -52.0065 1.2128
0.299000, -0.6946, 0.6937, -2.3223, -0.0636, -0.2815, 1.1183, -1.8785 0.3839 0.8682 -76.0275 -51.9773 1.2420
0.312000, -0.7246, 0.6921, -2.3072, -0.1862, -0.3059, 1.1224, -1.8794 0.2560 0.9581 -76.0275 -51.9599 1.2594
0.325000, -0.7546, 0.6889, -2.2942, -0.3079, -0.3304, 1.1249, -1.8802 0.1281 0.8651 -76.0275 -51.9651 1.2541
0.338000, -0.7843, 0.6841, -2.2826, -0.4290, -0.3548, 1.1258, -1.8810 0.0002 0.7096 -76.0275 -51.9808 1.2384
0.351000, -0.8139, 0.6777, -2.2740, -0.5480, -0.3793, 1.1249, -1.8815 -0.1278 0.3595 -76.0275 -52.0271 1.1922
0.364000, -0.8435, 0.6699, -2.2817, -0.6524, -0.4037, 1.1224, -1.8810 -0.2568 0.4845 -76.0275 -52.1471 1.0721
0.377000, -0.8736, 0.6612, -2.3595, -0.6888, -0.4281, 1.1182, -1.8762 -0.3900 3.1589 -76.0275 -52.4229 0.7964
0.390000, -0.9052, 0.6524, -2.5065, -0.6434, -0.4525, 1.1123, -1.8670 -0.5283 6.2721 -76.0275 -52.2970 0.9222
0.403000, -0.9386, 0.6443, -2.6278, -0.5970, -0.4767, 1.1045, -1.8595 -0.6667 5.7831 -76.0275 -52.3469 0.8723
0.416000, -0.9732, 0.6367, -2.6919, -0.5835, -0.5008, 1.0949, -1.8555 -0.8030 3.0378 -76.0275 -52.7711 0.4481
0.429000, -1.0084, 0.6291, -2.7145, -0.5928, -0.5249, 1.0836, -1.8541 -0.9378 0.0666 -76.0275 -52.9397 0.2796
0.442000, -1.0436, 0.6212, -2.7012, -0.6311, -0.5491, 1.0706, -1.8549 -1.0709 2.2320 -76.0275 -52.5171 0.7022
0.455000, -1.0785, 0.6125, -2.6579, -0.7060, -0.5732, 1.0558, -1.8576 -1.2017 3.5262 -76.0275 -52.2059 1.0133
0.468000, -1.1127, 0.6028, -2.6061, -0.7912, -0.5974, 1.0393, -1.8608 -1.3319 3.8678 -76.0275 -52.1250 1.0943
0.481000, -1.1462, 0.5919, -2.5479, -0.8875, -0.6216, 1.0212, -1.8645 -1.4614 4.1705 -76.0275 -52.0307 1.1886
0.494000, -1.1788, 0.5792, -2.4557, -1.0786, -0.6458, 1.0014, -1.8702 -1.5849 5.8442 -76.0275 -51.1505 2.0688
0.507000, -1.2100, 0.5634, -2.3455, -1.3703, -0.6702, 0.9800, -1.8771 -1.7023 7.6203 -76.0275 -49.6500 3.5692
0.520000, -1.2398, 0.5434, -2.2386, -1.7383, -0.6946, 0.9571, -1.8837 -1.8148 8.7774 -76.0275 -48.1549 5.0643
0.533000, -1.2679, 0.5168, -2.0787, -2.3555, -0.7192, 0.9329, -1.8936 -1.9119 9.0295 -76.0275 -47.6049 5.6143
0.546000, -1.2938, 0.4819, -1.9069, -3.0038, -0.7439, 0.9074, -1.9043 -2.0070 7.6213 -76.0275 -48.5062 4.7131
0.559000, -1.3180, 0.4403, -1.8225, -3.3596, -0.7687, 0.8806, -1.9096 -2.1203 3.3456 -76.0275 -50.6765 2.5427
0.572000, -1.3419, 0.3966, -1.8769, -3.3256, -0.7935, 0.8522, -1.9062 -2.2579 2.9336 -76.0275 -52.7859 0.4334
0.585000, -1.3666, 0.3534, -1.9229, -3.3242, -0.8182, 0.8219, -1.9033 -2.3935 2.2634 -76.0275 -52.7088 0.5105
0.598000, -1.3917, 0.3096, -1.9287, -3.4331, -0.8430, 0.7900, -1.9030 -2.5222 0.4542 -76.0275 -51.7726 1.4467
0.611000, -1.4167, 0.2640, -1.9087, -3.6060, -0.8677, 0.7564, -1.9042 -2.6469 3.6066 -76.0275 -50.6423 2.5770
0.624000, -1.4410, 0.2151, -1.8189, -3.9292, -0.8925, 0.7212, -1.9098 -2.7622 7.5789 -76.0275 -49.5003 3.7189
0.637000, -1.4633, 0.1607, -1.6049, -4.4586, -0.9174, 0.6846, -1.9231 -2.8647 13.1926 -76.0275 -48.3649 4.8544
0.650000, -1.4815, 0.0978, -1.1796, -5.2295, -0.9426, 0.6468, -1.9496 -2.9522 21.5134 -76.0275 -47.2271 5.9921
